947224800	1.8125
947829600	8.75
954910800	2.75
958021200	.25
958971600	.25
959749200	.125
960267600	.25
964674000	4.25
965278800	16.75
965883600	49.3125
966488400	.125
966834000	27.375
967006800	1
967698000	.25
970722000	1.875
970808400	.125
971413200	139.0625
972885600	.625
973490400	1319.125
974268000	2.75
974440800	2.75
975909600	.125
978933600	.5
979192800	6.25
979624800	6.25
980143200	161.25
980488800	.875
980834400	11.625
981612000	.0625
983512800	.5
983772000	34.0313
983944800	.75
985240800	.1406
986187600	687.5313
986274000	.5
986965200	.2031
988174800	.0469
988779600	11.5
989211600	3.75
989384400	.7031
990507600	12.2031
990594000	.125
990680400	.125
990766800	.125
992322000	7.375
992408400	.7969
995950800	.2188
997678800	.9219
998888400	.9219
1000789200	.0156
1002603600	5.25
1002776400	5.25
1003381200	.0625
1003467600	.0625
1005026400	.7031
1005804000	369.5781
1006322400	.7031
1006840800	34.375
1008309600	.9219
1008568800	.0781
1008828000	.5
1009778400	.1719
1010124000	1.1406
1010728800	.5
1011160800	3.1406
1011247200	.2188
1012370400	2
1016085600	572.25
1017208800	13.4531
1018242000	.125
1019624400	.6875
1020834000	.4531
1021438800	5.3125
1022130000	.0938
1022562000	.0938
1023771600	.0469
1023858000	.25
1026882000	9.0156
1027400400	1.3125
1027486800	1.3125
1027573200	1.3125
1028005200	.0469
1029301200	71.7969
1030510800	.1406
1032325200	.125
1033448400	.4219
1033621200	.0625
1033707600	.0625
1035435600	.0156
1036044000	.0156
1036130400	.2344
1037944800	.0156
1038204000	.0781
1038895200	.0156
1039068000	.0469
1040104800	.5469
1040191200	2.5
1040364000	96.2031
1040623200	.0156
1041228000	22.8438
1043128800	1.5
1043215200	13.2031
1043820000	.0156
1043992800	.0156
1044424800	.0313
1044597600	145.125
1045116000	.0313
1045720800	.0313
1045807200	.2969
1048572000	334.0938
1049090400	.25
1050037200	35.6875
1052715600	.0938
1052888400	937.2969
1052974800	.9219
1054098000	.0156
1054270800	.0625
1054530000	.0469
1055134800	.2656
1055221200	.1563
1055739600	.0625
1055998800	.25
1058245200	.5
1058331600	.5
1060750800	.25
1062651600	.1875
1063256400	.0625
1063774800	.5
1063861200	.5
1064466000	.9219
1066366800	2.75
1066626000	2.0156
1066971600	6.8125
1067234400	.0938
1068703200	.0156
1070604000	561.4063
1071122400	.0156
1071468000	.0156
1072850400	.4844
1074146400	.7031
1076306400	123.625
1076652000	.125
1078293600	122.4219
1079416800	.0156
1080540000	.9531
1082437200	212.6563
